[3, 5, 6, 4, 7, 0]
[2, 2, 2, 8, 2, 2, 2, 2, 0]
[0.13592233009708737, 0.13592233009708737, 0.1262135922330097, 0.13592233009708737, 0.1262135922330097, 0.13592233009708737]
[0.13592233009708737, 0.13592233009708737, 0.13592233009708737, 0.04854368932038835, 0.13592233009708737, 0.13592233009708737, 0.13592233009708737, 0.13592233009708737, 0.13592233009708737]
[0 0 0 0 0 0 0 0 0]
[3, 5, 6, 4, 7, 0]
[2, 2, 2, 8, 2, 2, 2, 2, 0]
[0.13592233009708737, 0.13592233009708737, 0.1262135922330097, 0.13592233009708737, 0.1262135922330097, 0.13592233009708737]
[0.13592233009708737, 0.13592233009708737, 0.13592233009708737, 0.04854368932038835, 0.13592233009708737, 0.13592233009708737, 0.13592233009708737, 0.13592233009708737, 0.13592233009708737]
[0 0 0 0 0 0 0 0 0]
[3, 5, 0, 0, 0, 0]
[6, 4, 7, 0, 0, 0, 0, 0, 0]
[0.13592233009708737, 0.13592233009708737, 0.13592233009708737, 0.13592233009708737, 0.13592233009708737, 0.13592233009708737]
[0.1262135922330097, 0.13592233009708737, 0.1262135922330097, 0.13592233009708737, 0.13592233009708737, 0.13592233009708737, 0.13592233009708737, 0.13592233009708737, 0.13592233009708737]
[0 0 0 0 0 0 0 0 0]
[3, 5, 0, 0, 0, 0]
[6, 4, 7, 0, 0, 0, 0, 0, 0]
[0.13592233009708737, 0.13592233009708737, 0.13592233009708737, 0.13592233009708737, 0.13592233009708737, 0.13592233009708737]
[0.1262135922330097, 0.13592233009708737, 0.1262135922330097, 0.13592233009708737, 0.13592233009708737, 0.13592233009708737, 0.13592233009708737, 0.13592233009708737, 0.13592233009708737]
[0 0 0 0 0 0 0 0 0]
[3, 5, 0, 0, 0, 0]
[6, 4, 7, 0, 0, 0, 0, 0, 0]
[0.13592233009708737, 0.13592233009708737, 0.13592233009708737, 0.13592233009708737, 0.13592233009708737, 0.13592233009708737]
[0.1262135922330097, 0.13592233009708737, 0.1262135922330097, 0.13592233009708737, 0.13592233009708737, 0.13592233009708737, 0.13592233009708737, 0.13592233009708737, 0.13592233009708737]
[0 0 0 0 0 0 0 0 0]
[3, 5, 0, 0, 0, 0]
[6, 4, 7, 0, 0, 0, 0, 0, 0]
[0.13592233009708737, 0.13592233009708737, 0.13592233009708737, 0.13592233009708737, 0.13592233009708737, 0.13592233009708737]
[0.1262135922330097, 0.13592233009708737, 0.1262135922330097, 0.13592233009708737, 0.13592233009708737, 0.13592233009708737, 0.13592233009708737, 0.13592233009708737, 0.13592233009708737]
[0 0 0 0 0 0 0 0 0]
[3, 5, 0, 0, 0, 0]
[6, 4, 7, 0, 0, 0, 0, 0, 0]
[0.13592233009708737, 0.13592233009708737, 0.13592233009708737, 0.13592233009708737, 0.13592233009708737, 0.13592233009708737]
[0.1262135922330097, 0.13592233009708737, 0.1262135922330097, 0.13592233009708737, 0.13592233009708737, 0.13592233009708737, 0.13592233009708737, 0.13592233009708737, 0.13592233009708737]
[0 0 0 0 0 0 0 0 0]
[3, 5, 0, 0, 0, 0]
[6, 4, 7, 0, 0, 0, 0, 0, 0]
[0.13592233009708737, 0.13592233009708737, 0.13592233009708737, 0.13592233009708737, 0.13592233009708737, 0.13592233009708737]
[0.1262135922330097, 0.13592233009708737, 0.1262135922330097, 0.13592233009708737, 0.13592233009708737, 0.13592233009708737, 0.13592233009708737, 0.13592233009708737, 0.13592233009708737]
[0 0 0 0 0 0 0 0 0]
[3, 5, 0, 0, 0, 0]
[6, 4, 7, 0, 0, 0, 0, 0, 0]
[0.13592233009708737, 0.13592233009708737, 0.13592233009708737, 0.13592233009708737, 0.13592233009708737, 0.13592233009708737]
[0.1262135922330097, 0.13592233009708737, 0.1262135922330097, 0.13592233009708737, 0.13592233009708737, 0.13592233009708737, 0.13592233009708737, 0.13592233009708737, 0.13592233009708737]
[0 0 0 0 0 0 0 0 0]
[3, 5, 0, 0, 0, 0]
[6, 4, 7, 0, 0, 0, 0, 0, 0]
[0.13592233009708737, 0.13592233009708737, 0.13592233009708737, 0.13592233009708737, 0.13592233009708737, 0.13592233009708737]
[0.1262135922330097, 0.13592233009708737, 0.1262135922330097, 0.13592233009708737, 0.13592233009708737, 0.13592233009708737, 0.13592233009708737, 0.13592233009708737, 0.13592233009708737]
[0 0 0 0 0 0 0 0 0]
[3, 5, 0, 0, 0, 0]
[6, 4, 7, 0, 0, 0, 0, 0, 0]
[0.13592233009708737, 0.13592233009708737, 0.13592233009708737, 0.13592233009708737, 0.13592233009708737, 0.13592233009708737]
[0.1262135922330097, 0.13592233009708737, 0.1262135922330097, 0.13592233009708737, 0.13592233009708737, 0.13592233009708737, 0.13592233009708737, 0.13592233009708737, 0.13592233009708737]
[0 0 0 0 0 0 0 0 0]
[4, 2, 0, 0, 0, 0]
[3, 8, 2, 5, 0, 0, 0, 0, 0]
[0.13592233009708737, 0.13592233009708737, 0.13592233009708737, 0.13592233009708737, 0.13592233009708737, 0.13592233009708737]
[0.13592233009708737, 0.04854368932038835, 0.13592233009708737, 0.13592233009708737, 0.13592233009708737, 0.13592233009708737, 0.13592233009708737, 0.13592233009708737, 0.13592233009708737]
[0 0 0 0 0 0 0 0 0]
